[Mo]
Ka1 = [0.70931715, 1.0]
Ka2 = [0.713607, 0.5]